Calibration Results:
Intrinsic Matrix (K):
[ 1090.8203 ,  0.0000 ,  959.5000 ]
[ 0.0000 ,  1090.8203 ,  539.5000 ]
[ 0.0000 ,  0.0000 ,  1.0000 ]

Distortion Coefficients (k):
[k1, k2, p1, p2, k3] = [-0.402892, 0.161711, 0.000000, 0.000000, 0.000000]

Rotation Matrices (R):
[ -0.1937 ,  0.9794 ,  -0.0580 ]
[ -0.9622 ,  -0.1781 ,  0.2059 ]
[ 0.1913 ,  0.0957  , 0.9768 ]
-------------
[ -0.1308 ,  0.9718 ,  -0.1963 ]
[ -0.9633 ,  -0.0778 ,  0.2570 ]
[ 0.2345 ,  0.2227  , 0.9463 ]
-------------
[ 0.1745 ,  0.9525 ,  -0.2495 ]
[ -0.7630 ,  -0.0294 ,  -0.6457 ]
[ -0.6224 ,  0.3030  , 0.7217 ]
-------------
[ 0.1386 ,  0.8820 ,  0.4503 ]
[ -0.9717 ,  0.2090 ,  -0.1102 ]
[ -0.1913 ,  -0.4223  , 0.8860 ]
-------------
[ 0.2428 ,  0.6964 ,  -0.6753 ]
[ -0.9410 ,  0.3382 ,  0.0105 ]
[ 0.2357 ,  0.6329  , 0.7375 ]
-------------
[ 0.3591 ,  0.9265 ,  -0.1124 ]
[ -0.9331 ,  0.3587 ,  -0.0242 ]
[ 0.0179 ,  0.1135  , 0.9934 ]
-------------
[ 0.0493 ,  0.4175 ,  -0.9073 ]
[ -0.9970 ,  0.0744 ,  -0.0199 ]
[ 0.0592 ,  0.9056  , 0.4199 ]
-------------

Translation Vectors (T):
[-78.1778, 4.4127, 512.2201]
[-128.0749, 181.8070, 525.9863]
[-222.4065, 149.0184, 935.6412]
[-65.0680, 174.1728, 865.0804]
[-4.1617, 70.1331, 595.0455]
[-156.5149, 44.0747, 941.5059]
[-352.0359, 85.3562, 563.6487]

Reprojection Error: 0.2707
